Benchmark started
 T            = 100000000
 Tlocal       = 50000000
 nmb_of_tests = 1000
 MPIsize      = 2
 * MPIrank  = 0
 * MPIrank  = 1

 - allocation: 1.78814e-05s
 - destruction: 0.0291934s

---- TIMERS ----
 CPU = 255.399s

