Benchmark started
 T            = 100000000
 Tlocal       = 50000000
 nmb_of_tests = 1000
 MPIsize      = 2
 * MPIrank  = 0

 * MPIrank  = 1
 - allocation: 0.000178814s
 - destruction: 0.0194418s

---- TIMERS ----
 CPU = 177.68s

