Benchmark started
 T            = 100000000
 Tlocal       = 33333334
 nmb_of_tests = 1000
 MPIsize      = 3
 * MPIrank  = 0
 * MPIrank  =  * MPIrank  = 12


 - allocation: 1.21593e-05s
 - destruction: 0.0296576s

---- TIMERS ----
 CPU = 178.079s

