Benchmark started
 T            = 100000000
 Tlocal       = 50000000
 nmb_of_tests = 1000
 MPIsize      = 2
 * MPIrank  = 0
 * MPIrank  = 1

 - allocation: 1.09673e-05s
 - destruction: 0.0587168s

---- TIMERS ----
 CPU = 224.096s

