Benchmark started
 T            = 200000000
 Tlocal       = 100000000
 nmb_of_tests = 1000
 MPIsize      = 2
 * MPIrank  = 0 * MPIrank  = 
1

 - allocation: 8.89301e-05s
 - destruction: 0.0379896s

---- TIMERS ----
 CPU = 350.139s

