Benchmark started
 T            = 200000000
 Tlocal       = 100000000
 nmb_of_tests = 1000
 MPIsize      = 2
 * MPIrank  = 0
 * MPIrank  = 1

 - allocation: 1.85966e-05s
 - destruction: 0.0674274s

---- TIMERS ----
 CPU = 511.618s

