Benchmark started
 T            = 10000000
 Tlocal       = 10000000
 nmb_of_tests = 10
 MPIsize      = 1
 * MPIrank  = 0

 - allocation: 5.96046e-06s
 - destruction: 0.00432491s

---- TIMERS ----
 CPU seq    = 0.348277s

